7.8130307337
32.131094982
34.6790436386
48.1376412266
66.5480820475
71.6852795332
76.8656398303
91.189967007
99.4305545806
102.222775269
104.851697587
115.90316541
123.665167524
137.281393861
152.799878844
158.165238177
169.424874381
177.983141032
188.580733855
196.4158396
206.910817484
210.031039997
228.944024721
236.707789487
239.452023226
244.612250069
269.434886901
274.892342718
291.428274031
308.170819401
321.255454943
329.530216997
334.919977826
338.616175657
344.016543349
352.569336369
360.797618515
386.030855066
402.605483292
429.49841005
452.419892741
458.307869379
461.280681437
466.418615134
471.579093578
495.335564488
501.615327813
517.34935758
527.780004719
544.826311765
547.58075572
552.754892481
555.668268278
559.046301231
570.039667844
572.709195951
575.365031804
597.834018135
606.007335142
614.084294158
617.01821418
641.830759585
644.349361883
