21.6373900206
26.7243462436
40.2728403367
61.1150720421
63.8417480642
69.1438874432
74.3495353987
79.7358646917
85.1635481958
112.535792574
118.473395999
147.647019496
174.950591277
183.31302611
185.890367073
191.129474742
199.004738612
201.693381964
212.638505592
217.883104951
220.428725531
234.170770685
247.11652771
249.706813738
261.492981029
277.399449385
279.927438626
305.465153832
310.820158091
323.846986361
326.950603094
341.198489794
347.126286877
349.706310496
366.306438153
375.539774706
394.353500509
399.806579609
418.604445895
421.203152938
432.262925164
449.575324285
469.05396439
484.750393042
489.988504007
498.405787132
504.210364428
509.502544569
539.368249763
561.773856077
589.039751275
600.400621741
622.214005074
624.824029303
633.154007384
653.620832362
656.504201804
