0.0
2.5
8.18
10.816
15.816
18.588
24.132
37.72
43.264
64.896
67.396
69.896
72.396
80.032
82.668
85.168
90.168
95.304
97.94
110.984
116.528
123.024
125.66
128.16
131.068
138.704
141.34
144.248
149.52
152.02
159.792
162.836
168.38
173.924
176.424
181.56
186.968
197.24
202.24
205.148
212.92
215.556
218.192
221.1
223.6
240.912
249.636
252.544
260.86
263.36
271.54
277.22
279.992
283.036
288.988
291.488
304.668
307.44
320.348
322.984
328.936
331.436
333.936
342.388
347.66
352.796
355.432
357.932
362.932
374.564
387.608
390.108
400.924
403.56
406.604
409.104
412.148
417.556
420.056
422.828
426.008
431.28
433.916
436.416
438.916
444.052
451.552
454.188
459.596
469.868
491.228
493.728
499.0
504.68
507.996
513.268
515.768
528.948
531.448
533.948
536.448
546.856
549.356
552.128
558.216
560.716
566.26
571.532
576.668
579.168
597.756
600.528
606.48
620.068
625.612
628.52
631.02
633.656
639.336
641.836
