0.0
0.136
0.068
0.748
0.204
0.068
0.952
0.68
0.884
0.68
0.0
0.0
0.068
0.0
0.0
0.204
0.0
0.34
0.136
0.0
0.204
1.224
0.0
0.136
0.068
0.136
0.068
0.068
0.0
0.068
0.0
0.476
0.136
0.0
0.204
0.0
0.068
0.0
0.272
0.068
0.0
0.068
0.136
0.068
0.204
0.068
0.0
0.204
0.272
0.204
0.204
0.68
0.136
0.068
0.136
0.0
0.0
0.0
0.0
0.0
0.136
0.0
0.816
0.34
0.068
0.068
0.068
0.204
0.204
0.476
0.0
0.0
0.204
0.136
0.272
0.068
0.0
0.0
0.0
0.272
0.0
0.136
0.272
0.0
0.0
0.136
0.068
0.0
0.0
0.136
0.136
0.136
0.0
0.0
0.136
0.272
