10.8026978497
15.8868270133
18.4720330512
23.907408238
31.589941494
40.0703860824
54.2968801488
90.9339553273
96.6743374901
120.499701481
131.637158729
137.496450999
142.927812004
170.441388386
184.294751465
205.755190291
221.671312254
224.804344911
236.330303122
244.45936011
252.873619392
258.117351579
272.322343261
282.952628511
288.115595395
296.392854191
315.747426909
328.938485048
337.076220701
356.706873179
359.323199656
362.016556824
365.114746748
375.901462793
382.948537448
391.837071681
399.747360816
416.005143039
429.098820333
440.992529244
443.907243174
454.729488135
460.451443683
462.978862959
468.626100609
498.451669251
504.00305141
520.133061026
525.385771338
544.167926684
546.751750599
551.917831706
554.472742995
565.48399353
582.71187813
585.226360709
590.921013068
593.5540475
612.89183653
623.49719666
626.161821698
