0.0
5.1
10.2
24.5
29.8
32.5
37.7
42.9
45.4
48.0
61.1
63.6
69.2
72.4
89.2
92.0
99.8
105.0
107.5
123.9
132.1
139.9
142.6
154.0
164.3
167.1
172.2
179.8
189.9
192.4
211.0
213.5
216.1
218.9
224.1
226.8
237.7
240.7
248.4
264.7
275.4
291.1
299.1
304.1
309.1
314.8
320.8
331.7
340.8
347.1
349.7
355.4
363.1
371.2
376.3
381.5
384.1
394.4
399.5
410.0
412.7
415.5
418.1
423.2
425.8
429.0
432.0
434.5
442.5
447.8
450.5
455.9
466.2
473.9
495.1
498.2
500.9
506.1
514.8
525.8
531.4
554.4
559.9
578.2
581.7
584.3
587.3
589.8
634.2
637.1
642.5
