26.4260936364
28.9884579333
59.4350525948
62.4986375727
67.9599375997
84.9047018527
87.8907442834
99.2712159348
104.684316062
112.713793249
140.138663629
154.141192481
157.330877608
164.991344822
167.767588857
181.442562082
200.044474635
208.456531795
230.359331156
266.317087306
268.878389593
277.457053079
301.792615728
310.405567539
318.317196241
334.257844016
344.85276369
367.995010449
370.527675072
379.576229131
402.319763836
405.34847013
408.069995033
418.559526111
423.824668505
431.705914115
434.521219341
437.0260914
465.663268027
473.736372677
478.840595891
495.848931109
501.343633925
509.176791323
511.763356592
516.888170524
522.728208315
528.1883539
541.643445105
560.121635831
562.671293502
579.82082515
602.16495768
604.910990966
607.725413787
628.671688661
631.942568106
637.430833822
640.664402051
648.548437853
651.278504786
