0.0
4.35114243065
8.50708005637
17.2729467379
21.4335113586
30.2851454995
35.2235731603
39.3259104827
43.3316419816
47.6465662799
65.5976325391
83.2134167659
95.2926175275
104.363688307
114.308351555
142.663596006
151.082084759
168.141715184
176.755798362
180.767622998
185.342168212
190.817767325
201.291797136
218.240303808
227.637795857
241.652395723
251.070611871
255.229850138
259.499685919
263.582210508
293.335960494
297.488399198
310.357480251
314.422391797
318.481006659
327.303560256
332.220878439
337.21860636
341.550958765
350.799506019
359.160336631
388.622083668
392.835456457
409.988545701
414.517155553
422.826007391
428.075642275
441.5006767
445.696302826
450.054622405
454.28685447
462.710483845
467.498888325
507.19881215
511.249419005
515.44229065
520.121290818
534.45442797
546.973399713
551.081827679
559.983973469
564.142807357
577.289303314
581.639808
589.905749558
594.019256993
598.199239395
606.461331291
610.605833056
620.015593964
624.032479921
628.635795155
632.773186265
650.414468306
654.57276566
659.453442101
665.20082066
669.201926674
683.410047909
687.471663387
691.532933761
695.660719313
699.714740061
