0.0
6.36
9.404
14.54
22.04
27.448
30.084
48.264
61.172
66.308
68.944
73.944
87.26
94.896
97.532
106.256
111.256
114.028
116.664
121.936
129.708
132.344
134.844
140.796
146.068
152.428
164.06
169.468
172.104
182.24
184.74
190.148
192.92
195.828
199.552
202.052
214.96
223.14
230.776
233.276
235.912
238.548
241.32
254.5
263.224
270.724
273.632
284.04
289.584
292.356
295.4
303.852
306.488
314.26
326.896
329.396
349.616
352.524
357.932
371.248
378.884
386.928
418.968
421.468
435.736
438.236
443.644
448.916
451.552
454.188
459.596
467.232
480.276
485.956
518.132
531.72
534.764
537.536
566.532
569.304
571.804
574.712
577.484
585.12
587.756
590.256
600.528
605.664
616.156
618.928
624.2
629.472
632.244
634.88
640.152
