19.54
37.856
40.628
43.128
45.628
50.764
55.9
58.672
63.672
76.444
79.624
82.26
84.76
92.396
100.304
108.756
119.164
127.072
143.432
149.112
157.428
166.832
177.24
212.324
217.46
220.368
225.64
228.14
243.956
246.456
252.0
260.588
268.224
276.132
278.632
281.268
301.216
319.26
321.76
324.26
332.168
334.804
341.028
344.208
355.432
363.068
381.384
383.884
389.428
391.928
405.924
408.56
411.06
413.832
416.332
423.968
427.012
429.512
432.692
441.008
446.144
462.232
464.732
469.732
475.004
482.776
490.956
493.456
496.092
498.592
503.864
506.5
509.0
511.5
514.408
525.904
528.812
540.036
542.672
547.944
553.08
555.58
558.624
561.396
579.984
582.484
592.756
595.256
603.028
609.252
626.972
637.516
