5.70775173202
24.7750178931
27.6289931102
30.2725674152
38.4218509089
43.6847996056
46.3404166757
51.9161050588
54.6031195808
60.7367355684
63.9788606278
69.516078905
75.0803614036
77.9462014552
80.515048517
94.5655291578
97.0987956644
102.658970333
105.263633822
108.530719092
114.620890827
117.825230304
128.603902673
131.532758004
137.126479396
139.853869824
159.529100522
169.975875554
172.833207721
175.38917967
177.934797973
183.644612697
189.281240485
192.05945413
197.427915022
200.015945427
202.568184445
210.872650313
213.928247308
219.543262499
222.202437029
224.799181433
229.952840932
238.123683827
246.725826667
250.103686235
252.76131046
255.573305534
267.326936126
270.055542607
275.981537125
278.582797671
287.121858053
289.77515582
297.508918706
300.05685476
318.9807721
321.518173924
326.926978536
329.535275418
335.030747608
343.789712877
346.592015709
349.146803717
351.669136921
359.748396621
365.053850763
367.801589516
373.315899525
387.321936368
389.933228068
395.190311486
408.448579106
411.319512036
413.854536006
425.416555946
428.008234954
433.444754319
436.621316098
439.204525205
441.809807234
452.148379877
454.680256713
457.328000847
462.77852447
473.779432783
485.138548645
490.697204085
493.275622326
496.042121963
498.674693953
517.348613296
520.112320362
528.575424572
539.233290297
547.900689562
564.023881904
566.593414838
569.187745932
571.895185903
577.331452353
585.709424027
590.978643754
596.30894099
598.887656852
604.276978615
606.877377731
609.525478247
612.249906996
623.095373631
628.211309449
630.856376034
633.74765219
638.831208179
641.411472363
644.039796825
653.070138805
656.362520763
