2.54990252473
8.23172231641
10.8154457525
13.4650749155
21.982887875
49.1449275337
67.0037064627
83.4027065766
91.5791837585
100.144053192
111.387514473
134.45389515
148.83413151
164.818652278
167.46817853
180.448689992
194.627629004
205.281217636
208.032038138
241.292366857
243.998363092
302.565422727
305.262678128
308.280349539
313.45244018
316.023617612
324.297349525
332.354559782
341.28141588
370.470731309
375.905752595
378.770940889
384.64699725
392.538128765
403.182909627
417.268906331
419.801293871
422.892481607
444.352807151
446.969371114
449.622202831
471.219219219
487.729842506
501.272617356
512.140314612
514.798960317
525.435303517
536.657229944
558.448359976
560.967618894
583.200430912
601.483759926
614.869163154
617.40655805
620.476875306
625.612811645
636.273690543
646.686079532
649.835398455
