0.0
16.669955394
19.368771702
33.0573994711
35.6950728607
41.1479737293
57.5627655465
72.4641281088
86.2888584869
89.0656599431
120.333078255
123.343193987
125.907689394
143.316451551
146.150734641
151.40057508
154.329366032
156.931002017
162.101471834
186.583287468
216.796556063
227.422348332
232.632892157
235.602154747
258.143213667
260.712627827
263.409941991
272.664415341
281.757573174
284.410820116
292.355469456
294.981943858
310.855109767
337.566579572
354.241946074
356.864131001
362.271127976
381.608706925
397.948498518
400.537698883
405.817611456
430.568875405
459.913812542
466.027211199
468.65096416
476.623712496
479.153072615
482.254454959
503.842898442
506.770994556
509.531220711
522.669632301
531.456385197
534.070944335
542.483144213
545.255927836
550.501098949
553.008989273
555.867253275
574.765810604
580.565985037
588.234937482
593.592800637
