0.0
20.4
28.3
31.2
36.7
39.9
49.9
52.8
55.6
60.7
63.3
73.8
76.4
81.8
87.2
89.7
95.5
98.6
104.2
120.6
123.1
131.4
137.0
140.2
157.0
159.5
162.4
167.6
170.3
175.7
178.3
180.8
184.0
189.3
199.6
202.4
208.1
210.9
213.5
216.2
218.8
224.5
227.2
229.7
237.2
239.7
242.2
247.3
249.9
252.5
257.7
262.8
268.3
274.3
276.8
280.1
282.9
285.6
302.2
322.0
330.1
335.1
340.6
343.1
351.5
359.5
362.4
365.0
370.5
373.0
375.8
381.0
384.2
386.7
399.9
407.9
413.3
416.2
423.9
427.0
429.5
434.9
445.8
448.5
453.6
456.1
459.3
461.9
480.6
483.2
485.8
499.4
501.9
507.4
512.5
518.5
521.1
523.7
526.4
531.4
537.1
542.8
545.3
559.0
564.3
566.8
577.2
588.4
594.3
597.0
599.5
602.0
607.1
618.2
621.3
626.3
628.9
631.6
634.1
641.8
