0.0
2.93
9.816
12.202
14.452
16.702
25.974
30.746
32.996
35.382
40.426
42.676
45.334
47.72
50.514
55.014
65.374
67.624
69.874
72.532
74.918
79.418
81.668
86.848
89.098
94.006
96.392
98.778
105.936
110.436
113.094
117.594
124.616
127.138
129.524
131.91
134.16
149.7
152.086
154.336
156.586
164.288
171.582
176.354
179.012
181.262
195.034
197.284
202.056
204.714
206.964
209.622
212.008
217.052
224.074
229.254
232.048
234.434
236.684
238.934
249.158
253.93
256.18
261.088
263.474
265.724
270.224
275.268
277.518
284.404
288.904
291.29
293.948
296.334
298.992
