0.0
5.384
10.156
12.406
14.928
17.45
19.972
27.198
29.516
31.766
34.016
40.42
42.67
49.624
59.168
61.622
64.008
68.712
71.098
79.752
82.07
86.57
88.82
91.206
93.66
95.91
101.022
111.314
113.836
116.086
118.336
123.108
129.926
135.242
137.56
139.878
142.196
144.446
156.58
158.83
161.08
163.33
168.238
175.192
179.828
182.282
187.666
190.256
195.368
198.026
200.684
208.59
213.634
215.884
218.61
221.064
223.382
228.426
235.72
240.968
243.218
245.536
247.922
250.308
264.216
266.67
268.988
271.238
273.488
278.124
290.19
292.78
295.03
297.688
300.074
