4.68
13.632
22.584
27.4
31.672
35.808
42.12
50.392
54.528
62.664
67.072
79.752
83.752
88.296
92.976
96.976
105.384
109.792
114.336
118.608
128.104
144.512
149.192
153.328
182.96
195.776
204.456
213.952
222.768
226.904
235.04
243.584
247.584
251.584
267.856
271.992
276.672
285.352
297.896
315.12
319.12
331.936
357.024
361.024
365.432
378.656
382.792
392.288
414.328
419.008
423.008
431.824
435.824
443.824
447.96
453.32
466.816
471.768
475.904
485.4
489.536
493.536
498.352
506.76
511.168
519.576
532.256
540.392
544.392
548.392
556.936
560.936
564.936
569.208
577.48
599.384
622.376
635.192
639.192
648.688
657.64
661.776
670.728
680.224
688.632
