0.0
22.3988478281
36.5585537856
51.9937325851
58.3253064211
63.9595608864
74.4335644808
80.0710941456
99.2275000164
102.097320125
134.315583929
139.98424816
142.778612114
145.569300066
167.692096545
194.017854621
196.77580755
211.393339145
219.711450298
262.74608257
286.628011069
289.156923522
291.680619536
296.995870973
299.846654823
304.942665567
307.890383714
310.565746638
318.781719575
326.913560958
329.440467772
337.080404021
340.062326586
366.789036444
369.293808639
396.161922643
399.066791511
401.728782695
406.925660952
425.785214155
431.231812516
436.912575108
457.248826573
467.597662351
484.837428788
490.00359618
492.616351095
511.728745761
514.331330154
526.139795403
550.346507887
553.260042846
556.057166451
561.252512578
566.775465652
572.835670796
578.201973776
580.847322819
589.392057259
621.078548135
632.221490831
