9.08793471851
17.3399191783
25.1850241117
44.5660275027
48.1260689872
77.4095380062
82.9492259722
85.5405699879
96.3243129646
112.809049321
118.664856951
126.778989471
148.223216906
153.777761742
159.32150081
170.315139731
172.894615543
178.167809213
180.842586556
205.244082781
216.9042728
225.161020864
233.284693457
236.267775964
241.710772502
252.507470552
255.03743482
271.227831053
281.482616941
313.177000022
324.169083058
334.552433594
345.204288097
347.997997804
356.150684045
377.428064969
382.873600454
388.031037326
390.798204202
417.470084919
419.984919962
422.506302569
434.013876003
443.050921473
473.126941291
475.744340103
478.309367492
495.222559493
506.136826514
522.761179917
536.769342078
539.55589464
558.604349263
586.679243274
592.388608635
603.186836895
606.002520057
611.299718046
614.268122288
626.466157619
629.141728322
634.96161983
637.888619533
643.689631331
651.948431282
