2.8
5.6
8.6
13.9
24.2
27.1
30.0
33.0
35.5
43.5
48.6
56.3
59.0
64.8
70.6
73.1
78.9
82.6
88.1
90.6
93.2
96.1
105.3
110.6
113.2
115.8
118.7
123.9
127.1
134.9
137.6
140.1
142.6
145.1
150.5
153.2
155.9
158.4
166.4
168.9
174.6
182.7
187.7
199.0
206.9
212.1
214.6
219.6
222.6
225.1
233.5
238.9
244.9
252.5
255.0
257.5
260.0
266.3
268.8
271.4
276.6
282.3
284.8
288.0
304.2
322.9
330.9
335.9
341.8
344.4
353.1
361.7
364.3
366.8
372.0
374.5
377.0
382.0
384.5
387.1
399.7
407.9
413.0
415.6
425.1
427.7
435.8
446.2
448.7
454.0
456.5
462.5
481.1
484.2
487.1
501.4
504.0
509.4
514.4
519.6
522.1
524.7
532.6
537.7
542.9
545.6
558.7
563.8
566.4
589.8
594.8
597.7
600.3
603.0
608.1
619.5
627.9
633.6
636.1
643.7
