10.9066666667
12.9066666667
14.9066666667
16.9066666667
18.9066666667
30.9066666667
32.9066666667
34.9066666667
38.2666666667
40.2666666667
52.72
54.72
56.72
58.72
60.9466666667
62.9466666667
64.9466666667
66.9466666667
69.1733333333
71.4
73.6266666667
75.6266666667
77.8533333333
90.3066666667
92.3066666667
104.533333333
106.533333333
108.533333333
110.533333333
112.533333333
124.986666667
126.986666667
128.986666667
130.986666667
132.986666667
145.213333333
147.213333333
155.213333333
157.213333333
159.213333333
161.213333333
163.44
176.12
178.12
180.12
182.346666667
184.346666667
196.346666667
