0.0
2.45333333333
4.68
6.90666666667
8.90666666667
20.9066666667
22.9066666667
24.9066666667
26.9066666667
28.9066666667
42.2666666667
44.2666666667
46.2666666667
48.2666666667
50.72
79.8533333333
81.8533333333
84.3066666667
86.3066666667
88.3066666667
94.3066666667
96.3066666667
98.3066666667
100.533333333
102.533333333
114.533333333
116.76
118.76
120.986666667
122.986666667
134.986666667
137.213333333
139.213333333
141.213333333
143.213333333
149.213333333
151.213333333
153.213333333
165.44
167.666666667
169.666666667
171.666666667
173.666666667
186.346666667
188.346666667
190.346666667
192.346666667
194.346666667
