4.0
8.0
12.68
16.816
25.496
29.496
38.04
46.992
56.216
60.896
64.896
69.032
74.392
82.936
87.072
91.344
95.752
100.568
108.976
113.112
117.792
147.56
155.832
173.056
178.008
195.504
199.776
204.456
208.864
217.272
229.952
242.904
247.584
251.72
260.536
273.08
277.216
285.352
290.168
304.888
308.888
312.888
326.928
358.192
370.872
374.872
387.688
410.136
414.68
418.816
432.04
453.672
462.624
471.712
476.12
480.392
488.664
496.8
500.936
504.936
512.936
517.072
521.208
529.888
539.248
544.472
548.608
554.104
566.376
579.736
584.28
588.416
592.824
596.824
604.96
625.64
629.912
634.184
638.32
647.544
651.68
655.816
659.952
667.952
672.496
677.04
681.176
689.312
