0.0
0.453333333333
0.226666666667
0.0
0.0
0.0
0.0
0.0
0.0
0.226666666667
0.226666666667
0.226666666667
0.0
0.226666666667
0.0
0.0
0.0
0.226666666667
0.0
0.0
0.453333333333
0.226666666667
0.453333333333
0.226666666667
0.226666666667
0.0
0.226666666667
0.0
0.0
0.0
0.0
0.0
0.0
0.68
0.0
0.0
0.0
0.0
0.226666666667
0.226666666667
0.453333333333
0.226666666667
0.68
0.0
0.0
0.0
0.0
0.0
0.0
0.68
0.0
0.0
0.0
0.0
0.453333333333
0.0
0.453333333333
0.0
0.0
0.0
0.0
0.0
0.0
0.453333333333
0.0
0.0
0.0
0.0
0.0
0.0
0.0
0.226666666667
0.453333333333
0.0
0.226666666667
0.453333333333
0.453333333333
0.0
0.453333333333
0.0
0.0
0.0
0.0
0.0
0.0
0.0
0.0
0.0
0.0
0.0
0.0
0.0
0.0
0.0
0.0
0.0
