0.0
2.45333333333
4.68
6.68
16.68
18.9066666667
31.5866666667
33.5866666667
35.8133333333
37.8133333333
39.8133333333
53.4
55.6266666667
57.6266666667
59.6266666667
61.6266666667
63.6266666667
65.6266666667
67.6266666667
70.3066666667
72.3066666667
74.3066666667
78.3066666667
90.12
92.12
94.12
106.8
108.8
110.8
112.8
115.253333333
127.706666667
129.706666667
131.706666667
134.16
136.16
148.16
150.386666667
152.84
154.84
157.066666667
170.426666667
172.426666667
174.426666667
176.426666667
178.426666667
190.426666667
192.426666667
194.426666667
196.426666667
198.426666667
200.426666667
