0.0
4.408
17.632
30.584
40.08
48.624
52.76
57.304
61.712
70.12
74.256
78.664
83.072
87.208
95.344
99.48
103.752
108.296
120.432
141.248
145.248
149.656
153.928
162.472
166.472
187.832
197.328
207.504
211.64
224.728
233.408
237.952
242.224
259.176
267.312
275.584
279.992
283.992
296.672
313.624
317.896
335.256
339.392
348.888
352.888
369.84
386.656
395.064
399.608
415.008
419.008
423.144
436.504
450.136
462.544
466.544
479.632
484.448
488.992
493.128
501.536
505.536
510.08
522.08
526.352
530.896
539.168
547.576
560.472
573.288
577.968
582.376
591.056
595.192
599.192
603.192
607.328
628.688
632.688
641.64
651.136
655.544
663.952
668.088
676.088
680.632
685.72
690.128
