0.0
4.20349293568
9.47749188325
13.6093861899
18.6578676873
40.3267826445
52.4938381599
56.5789521233
66.2538659983
82.4590453048
87.7069769452
93.0122978427
102.432685574
106.63461553
123.433873622
128.381143055
150.223372385
154.345190306
164.030482812
177.82910487
182.041525903
205.42481516
209.643159858
218.643831871
222.970148117
232.052605984
236.19381898
240.433253329
248.797035646
262.050349639
266.385592308
279.568423957
283.593882619
296.462207363
300.605864117
304.624922315
313.500437695
326.022632601
330.524674462
344.233368704
348.733445892
352.800883453
357.012593991
361.143507446
369.961382876
374.34281103
378.430695325
397.92250109
406.821106119
414.907742138
424.503700497
428.91331624
437.087769077
441.117868186
445.51239241
449.69444052
462.05617939
470.588864172
479.53611524
488.105858148
492.199642497
496.22981823
500.778166481
505.123729198
514.11105686
522.674886843
527.290120504
540.181459382
549.652984823
559.667621599
563.965534981
568.008599724
576.328574652
588.822584589
605.794012751
609.901464221
614.522678575
623.84462815
632.984931301
637.190453364
650.890267696
655.051189115
660.014788814
664.908541893
669.22895475
677.636283471
681.644186184
685.689291581
689.902446747
