0.0
4.408
17.632
30.584
40.08
48.624
52.76
57.304
61.712
70.12
74.256
78.664
83.072
87.208
95.344
99.48
103.752
108.296
120.432
141.248
145.248
153.928
170.744
175.016
187.832
192.784
197.328
224.728
233.408
237.952
250.36
255.04
259.176
267.312
275.584
283.992
296.672
300.672
309.488
313.624
323.256
327.256
331.256
335.256
344.48
348.888
365.432
369.84
373.84
382.52
386.656
390.928
399.608
404.016
408.016
419.008
427.144
432.096
445.864
454.272
466.544
471.224
484.448
488.992
497.536
510.08
526.352
530.896
535.032
547.576
565.288
569.288
573.288
577.968
586.512
591.056
595.192
603.192
607.328
620.416
655.544
659.952
668.088
672.088
676.088
680.632
685.72
