0.0
2.45333333333
4.68
6.90666666667
8.90666666667
20.9066666667
22.9066666667
24.9066666667
26.9066666667
28.9066666667
42.2666666667
44.2666666667
46.2666666667
48.2666666667
50.72
79.8533333333
81.8533333333
84.3066666667
86.3066666667
88.3066666667
94.3066666667
96.3066666667
98.3066666667
100.533333333
102.533333333
114.533333333
116.76
118.76
120.986666667
122.986666667
134.986666667
137.213333333
139.213333333
141.213333333
143.213333333
155.213333333
157.213333333
159.213333333
161.213333333
163.44
176.12
178.12
180.12
182.346666667
184.346666667
