0.0
2.658
9.544
12.202
14.452
17.382
26.926
32.514
34.764
37.15
39.672
42.466
47.51
52.282
54.94
57.598
60.392
70.344
77.502
82.138
84.524
89.024
93.796
96.182
98.432
100.954
108.112
112.612
114.862
119.362
126.928
129.178
131.428
133.678
136.064
150.108
152.358
155.016
157.266
159.516
164.424
171.446
173.696
175.946
178.332
180.582
195.034
197.284
202.056
204.442
206.692
208.942
211.192
215.692
222.578
227.078
229.328
231.85
234.1
236.622
246.71
251.346
253.596
258.232
260.482
262.732
267.368
272.004
275.342
282.5
287.408
290.066
292.86
295.382
298.04
