0.0
4.908
7.294
12.134
14.452
17.45
19.7
22.086
33.948
36.878
39.468
41.786
44.036
49.08
51.33
58.352
60.67
62.988
65.306
77.644
79.894
82.28
84.53
89.166
96.052
100.756
103.142
108.526
113.026
115.276
117.662
122.434
130.0
134.704
137.158
139.408
141.658
144.044
156.654
161.698
164.084
166.334
171.174
173.56
181.126
186.17
188.42
191.078
199.46
204.368
206.822
209.072
213.912
216.162
221.75
227.202
229.588
232.11
234.632
249.424
251.742
254.06
256.446
258.696
263.264
275.602
278.056
282.896
285.418
287.668
290.666
293.052
297.756
300.278
302.528
