0.0
2.93
5.18
7.43
12.202
16.702
18.952
23.724
25.974
28.224
30.746
32.996
37.904
45.334
50.514
52.764
55.014
58.08
65.374
74.918
77.168
79.418
81.668
86.848
89.098
94.006
96.392
98.778
105.936
110.436
113.094
117.594
124.616
127.138
129.524
131.91
134.16
149.7
152.086
154.336
156.586
159.516
164.288
171.582
176.354
179.012
181.262
195.034
197.284
202.056
204.714
206.964
209.622
212.008
217.052
224.074
229.254
232.048
234.434
236.684
238.934
249.158
253.93
256.18
261.088
263.474
265.724
270.224
275.268
284.404
286.654
288.904
291.29
293.948
298.992
