4.4
19.0
23.2
27.2
31.2
40.5
44.5
53.0
61.3
65.8
69.8
74.3
85.3
94.7
98.9
108.0
112.2
120.8
124.9
133.2
137.9
142.3
151.1
159.5
163.6
172.4
177.9
181.9
186.2
194.7
203.3
211.5
215.5
219.5
223.6
248.2
264.3
268.5
277.2
290.5
303.4
311.5
316.3
321.1
337.8
346.6
350.6
354.8
387.7
391.8
404.2
408.6
417.7
422.2
426.4
430.7
434.9
444.3
448.6
460.9
465.1
473.3
485.4
489.6
506.3
525.4
530.2
538.7
542.7
546.8
551.6
556.0
568.8
572.9
599.3
604.0
617.5
629.7
634.1
638.6
651.7
655.7
659.7
665.4
669.5
678.1
682.2
690.8
