4.34708177552
12.5877093357
22.228191488
26.9708263637
31.0278417148
35.0405358259
57.1067990067
61.2167880387
74.4219649333
78.6736594782
83.3130665756
92.0518386037
100.281689713
104.638049366
109.083034866
117.612480144
121.822240196
126.305648702
130.474338955
138.849833066
147.058743622
151.727661542
164.180751988
168.193458372
196.058190684
200.293024211
204.575577126
215.210928782
223.456255236
231.661725549
236.05462091
244.917858042
253.606134946
257.637177307
279.216925853
283.656880194
287.959741192
292.480218383
297.128024924
306.729913567
311.0640875
316.345399375
320.461303225
324.943296396
337.8876964
341.959563348
346.132816771
359.521372195
373.955327857
378.685619793
382.849513604
387.688511626
396.130799728
401.167036148
410.269662067
414.316764728
418.446862229
422.647587459
426.81722516
435.218120839
447.571611605
460.204965691
468.627377629
474.020484491
482.276069857
491.13784719
499.857043307
504.099425522
521.74139853
540.065890924
544.14948164
553.099804289
562.275077626
566.328781399
574.861639605
579.189187929
584.065484917
592.986861126
597.896253769
601.997508585
606.114132191
615.777719541
638.58227281
642.995632304
656.279060904
660.386175166
664.929745119
673.791069192
678.327653935
682.40082172
686.587854325
690.676754164
699.165306256
