0.0
7.908
13.18
15.952
21.632
24.132
26.904
32.04
34.54
42.72
48.944
54.216
62.668
71.256
81.8
95.116
97.616
100.252
105.524
108.024
115.932
118.432
123.432
128.568
141.612
152.836
163.244
168.244
171.016
181.152
183.652
189.74
192.24
194.876
197.376
200.42
213.328
221.644
229.416
231.916
235.232
237.732
240.368
253.14
261.456
268.956
271.864
282.0
287.272
289.772
292.408
300.044
302.68
311.268
326.216
328.716
347.032
349.668
354.668
367.44
375.484
383.528
415.568
418.748
431.384
434.292
440.108
445.652
448.832
451.604
456.876
464.376
477.964
482.964
516.092
530.632
533.132
535.768
564.22
566.72
569.22
571.992
574.628
582.672
585.172
587.672
590.172
598.896
604.44
613.3
615.936
620.936
623.98
626.752
629.388
633.112
640.152
