2.772
18.996
29.404
37.448
45.22
51.58
56.988
60.032
65.576
68.076
76.392
84.572
87.072
89.98
102.752
110.796
113.296
120.932
126.068
144.112
149.248
158.108
165.744
176.152
210.42
216.372
219.008
224.28
226.916
243.004
245.64
250.64
258.412
266.456
274.364
276.864
279.364
297.544
317.628
321.08
323.58
331.216
333.716
338.716
341.352
352.168
359.668
377.984
380.62
386.028
388.528
402.388
404.888
407.66
410.16
412.932
421.248
423.884
426.384
428.884
437.336
443.152
459.376
461.876
467.012
472.148
480.464
488.1
490.6
493.508
496.552
502.368
505.956
508.456
510.956
513.592
525.224
528.132
538.268
541.176
546.176
551.584
554.084
556.72
559.22
577.264
580.172
593.488
601.668
607.62
636.02
