0.0
2.25
4.908
7.294
9.544
14.18
16.43
19.224
21.746
24.132
38.312
40.834
43.084
45.334
47.584
52.356
59.514
67.488
69.738
72.124
74.374
76.624
91.212
93.462
95.848
100.484
110.708
113.23
115.616
120.116
122.366
127.818
130.34
134.976
147.314
149.564
151.95
154.2
163.744
165.994
168.244
170.63
173.016
182.832
187.604
190.398
192.648
195.034
197.284
202.464
209.486
211.736
216.236
218.894
223.394
225.78
228.03
233.346
237.846
240.096
244.596
252.162
254.548
259.32
261.57
271.114
273.5
275.75
278.0
280.386
285.43
290.61
293.676
295.926
298.448
