0.0
5.3
7.8
13.4
26.7
29.3
32.3
35.1
38.0
48.8
57.4
60.1
65.3
74.2
82.5
85.0
88.2
90.7
93.3
98.7
101.4
103.9
114.3
119.4
133.3
136.3
138.8
141.4
149.4
152.1
154.6
157.1
165.0
173.0
175.5
183.1
188.9
192.1
200.3
205.6
208.3
210.8
218.5
221.4
224.8
235.5
238.7
242.7
255.8
261.3
267.0
272.4
275.5
280.8
288.8
291.3
293.8
299.2
301.7
315.7
318.2
320.8
326.3
329.0
334.1
336.6
339.4
347.7
350.2
352.9
371.6
379.4
404.2
406.7
409.5
412.1
417.6
428.4
430.9
436.2
438.7
441.3
446.5
449.0
455.5
466.1
469.0
471.8
479.5
484.5
492.3
494.8
497.6
500.2
502.7
509.2
522.6
525.3
527.8
535.6
538.3
541.1
543.8
546.3
571.0
579.0
581.6
584.1
589.6
592.3
606.1
611.1
616.1
618.8
626.9
629.4
635.5
638.5
641.3
643.9
