7.90104328647
39.885629387
42.6990104204
54.1636801142
56.9591344697
59.9818134328
65.1777661819
76.3375620194
86.8205854206
89.3925650396
92.1187026547
106.334699597
109.010408937
123.308690624
128.580932144
131.147914491
147.12766388
163.005630091
180.135446504
190.708509889
193.919487874
204.467888491
209.773887408
212.46283421
215.044971371
220.806756914
223.40194163
228.911618667
235.400435889
249.519040015
252.222217904
257.900101052
275.120995714
280.448373669
288.844859571
293.952114478
299.355548266
315.823812716
335.058172514
340.665383433
343.188926428
393.573996332
398.995177455
413.059726079
431.008235155
433.599616767
436.446536731
460.982674078
463.67967654
466.234820591
481.801505163
494.883303251
502.940634568
511.080013228
519.469662543
525.018786678
527.51881347
546.80743838
549.317029981
552.177263755
557.247858506
571.343134976
573.848984586
582.103921732
592.914313236
595.429746861
601.288607893
606.495993103
614.258802016
632.002860232
646.455440549
