2.636
7.636
10.408
18.044
21.224
26.36
34.676
37.176
44.812
50.356
56.716
59.216
66.716
72.26
80.44
85.44
90.712
98.484
104.028
109.3
117.48
119.98
122.616
125.66
128.704
136.476
139.112
147.02
152.02
154.656
165.2
168.244
179.06
181.56
184.06
189.468
195.284
203.464
205.964
211.372
214.008
216.78
222.188
227.596
230.096
232.732
238.004
241.32
246.456
254.5
257.136
259.772
262.408
267.544
270.18
286.54
294.448
310.128
315.4
318.852
321.352
323.988
326.76
337.168
351.436
361.98
364.752
367.252
369.752
375.16
377.796
380.296
389.02
391.52
394.02
396.52
399.02
407.608
410.108
412.608
429.784
433.1
438.1
443.644
449.188
452.096
454.732
460.004
462.504
474.136
476.636
482.18
487.316
495.36
500.36
502.996
508.268
523.812
526.312
528.812
541.72
544.22
549.356
559.628
567.944
573.352
578.352
588.028
598.98
601.48
607.16
614.932
632.652
635.152
637.924
640.424
