2.59454680474
15.8434050397
18.5029980697
21.4629441519
23.9759166336
32.0285812243
46.0662890933
48.9456921924
51.5557249123
67.7455684212
117.832516134
125.865466149
155.162523879
175.915537241
199.456042512
201.963365825
207.197505306
218.272720528
225.947152299
313.12588885
327.3338399
332.448422107
345.756443993
351.354749841
354.347543202
356.866791354
367.847831734
373.874917169
376.788504279
388.107797045
409.993948401
424.462589865
441.711824975
444.678123581
449.949060939
452.532609838
455.072649876
457.607173483
468.741919904
487.124551664
505.657706412
508.386010027
516.6729103
522.498288753
541.402371844
563.001115478
576.695009495
590.367178887
643.629862981
654.319259403
