0.0
4.6
13.5
26.6
30.9
39.0
43.0
47.8
51.8
55.8
86.3
90.4
107.7
121.8
135.3
139.9
144.1
148.2
166.4
170.6
174.6
182.6
186.7
194.8
198.9
203.2
208.1
212.8
220.8
224.8
229.8
239.3
243.6
248.2
252.4
261.1
265.1
269.5
288.4
300.7
314.3
326.7
334.7
346.7
363.6
372.8
377.0
381.2
386.5
395.0
399.5
403.9
407.9
412.3
429.6
433.7
437.7
455.0
463.5
467.5
472.9
481.5
485.5
490.3
494.3
498.4
511.1
515.6
521.1
534.0
551.4
555.4
559.5
567.9
576.5
580.6
586.2
602.8
607.1
615.9
620.1
628.9
638.8
647.4
651.5
669.1
677.8
690.3
