0.0
2.96779469663
10.8042413649
14.0433395231
16.5651099171
27.0265418641
35.5097864391
57.5704274563
62.7285091525
68.7130314323
76.5770810878
82.2883823284
90.3693148895
104.214856596
112.339423654
120.309069162
131.922398141
137.081975879
139.863277956
166.551161887
214.252212274
220.449597556
225.582014489
244.127858149
249.507786149
259.951590038
267.060766648
272.580414328
281.024636798
304.965956107
312.650409904
326.660634834
329.232387085
331.985821397
334.946367121
348.893292933
367.813586935
370.450288983
386.770215615
389.302099081
413.340395763
416.127577531
419.081145237
421.825926766
427.564130517
430.247236491
438.439949177
441.072742477
443.596571705
448.956331792
464.995926686
472.98245953
475.514993723
486.736934669
489.23742401
496.937431605
530.592494115
536.062163543
547.002894262
551.043746884
592.190323807
600.64690802
612.380662569
640.303901668
653.172741264
