5.272
10.272
23.316
25.816
28.452
30.952
44.676
47.176
53.4
64.216
69.76
72.26
82.668
86.256
89.3
92.344
99.98
102.752
105.252
107.888
110.66
115.66
118.568
121.884
127.156
144.06
146.696
151.832
154.332
159.468
167.376
169.876
175.42
177.92
182.92
201.236
209.552
214.552
219.824
222.868
225.368
233.004
238.548
241.184
243.82
246.456
251.864
254.364
260.18
270.724
273.224
281.676
295.128
297.628
300.128
305.672
308.172
310.672
313.172
318.58
321.216
323.716
328.852
334.668
340.076
342.576
345.076
348.256
362.252
367.388
370.16
372.796
375.296
383.476
388.748
391.248
396.384
398.884
406.928
409.428
422.88
426.196
428.968
437.148
442.148
447.556
450.056
453.372
458.644
461.688
472.368
475.412
480.548
486.092
494.0
499.0
501.772
506.772
523.132
525.632
528.404
542.128
544.628
550.988
561.532
569.576
574.576
579.576
587.756
598.028
600.8
606.072
614.388
631.02
633.656
636.292
638.928
