29.8197307165
38.1242812427
45.8710123286
54.9006372752
60.167674281
79.2017380735
85.0175244633
101.59279466
134.536142609
156.216382629
161.435363439
181.177374713
187.047351923
190.018663755
203.097127004
211.570815527
238.85259276
241.384115643
246.930916001
275.111457013
283.581917435
286.201533804
297.150563834
299.695218439
340.659074809
343.69526445
364.989749535
391.874164
400.083849594
402.986118329
408.232903175
424.590257742
432.948602359
446.358690887
481.621373681
484.174428386
491.760859436
499.79276306
510.344595709
524.906851173
538.939312189
562.884408063
576.116568232
579.091721088
584.438412007
589.606574791
597.590721745
603.458635053
620.628945088
631.261123241
645.367255505
