2.35
4.6
6.85
9.3
14.6
16.95
21.75
24.2
29.5
31.85
36.35
38.8
41.05
43.3
47.8
52.5
57.1
64.75
77.0
81.8
88.55
103.35
105.7
115.6
127.15
140.95
143.2
145.55
153.0
155.55
160.05
162.5
164.85
167.1
169.45
180.45
183.0
190.35
193.0
195.45
197.8
200.05
206.8
209.25
211.7
225.35
227.7
232.5
234.75
237.1
239.35
241.6
249.25
254.05
256.4
258.65
261.5
264.35
268.95
271.3
273.95
276.3
278.55
288.05
297.85
300.1
302.35
307.15
310.6
312.95
315.5
320.6
323.05
327.65
332.55
334.9
337.35
342.15
344.4
346.65
349.1
351.65
358.6
368.5
370.85
373.2
378.7
381.05
383.6
388.1
390.35
392.8
395.15
402.3
409.45
414.05
418.75
421.0
423.55
426.4
431.0
435.5
437.85
440.1
442.45
445.0
449.6
456.65
461.55
464.3
467.05
471.85
474.2
476.45
478.8
484.6
486.95
492.05
494.3
499.2
506.85
511.85
516.45
518.7
521.05
523.3
525.65
532.9
535.15
537.6
542.4
547.1
549.45
554.15
562.5
564.85
572.8
575.35
582.4
584.85
587.3
589.55
594.15
598.65
600.9
603.25
