4.272
8.816
17.224
25.496
38.448
43.944
48.08
52.08
81.168
85.848
114.336
123.016
127.016
140.24
152.376
157.056
165.872
170.144
178.824
193.272
207.312
211.312
215.856
220.4
228.536
236.536
245.352
253.624
258.304
262.304
276.208
284.208
301.024
305.84
327.064
335.472
339.608
357.92
361.92
366.056
374.464
383.416
387.416
395.688
401.048
406.408
414.816
423.632
428.04
432.176
436.176
440.448
448.992
462.488
466.488
479.44
483.576
492.256
496.392
504.392
516.8
521.616
526.296
530.432
544.064
548.336
552.336
556.744
566.648
579.464
583.6
588.416
592.416
596.416
604.96
625.776
629.912
633.912
637.912
647.136
651.408
655.68
659.68
667.816
671.816
676.36
680.496
689.584
