10.5762336169
13.2140822173
24.7844910382
27.654618944
31.1073672223
53.8583481694
77.7533126021
80.3816698661
83.2886789787
122.541524
127.883416412
179.09841556
181.683028549
184.398243836
193.080477396
217.879444662
220.433526064
237.402115939
266.746453736
280.268005147
289.125964225
291.643269933
294.153002803
299.51888009
304.803183083
328.93798853
335.183958712
343.194845029
356.234589291
372.747512521
396.772217585
399.337117792
425.529722117
428.260641855
439.547676757
459.485868976
471.618765597
474.672257702
509.62154371
512.352917567
517.729444497
520.593343288
537.258284159
545.029032038
550.57206189
559.33694309
580.770991058
593.851022687
607.511369836
612.872008934
624.194713284
637.322509904
648.724800369
654.434437355
657.225343735
