5.07397824694
7.57489770488
42.6302152822
56.5015422245
59.0925093666
62.0465297877
67.4064952932
72.6253678167
88.4880252518
93.9327000156
99.7029223117
108.634086355
120.026536042
130.783114928
133.630935404
136.134452207
141.606808762
149.701496026
161.834971157
170.884939469
173.673981969
187.527822273
190.08394329
195.642303268
212.548782372
225.474028933
253.87319409
272.125086339
274.822400319
283.583296654
302.269790426
318.385217328
345.724591759
348.38889628
353.524239547
361.854553014
364.598026494
367.594129614
370.18195555
383.504470122
404.360624362
406.904393404
409.670201705
431.149124887
450.412375653
456.677452711
461.992357713
477.18565037
482.972545221
493.34014004
501.142421926
506.678136467
526.06127104
531.665250443
534.299271926
554.132276614
556.762834659
567.498028866
588.816100647
591.34105257
639.940182756
