0.0
2.50133821633
16.2710563613
19.1659236656
21.9910344051
33.937496526
36.9362159238
39.4645678263
45.7439750316
48.4397836354
51.2359561123
64.7888504795
69.9967423191
75.2228357616
85.7972654477
91.3391090448
96.5093986285
102.943961886
105.708249568
112.109478288
114.642213471
117.337309995
125.247665333
138.738981871
144.319248778
147.006819966
152.271536547
155.99077198
159.073347547
164.629837116
168.23308818
176.300383817
198.258686174
201.566224677
204.434660559
206.960930434
209.600222426
215.268385757
222.935953445
228.104213108
231.652169605
234.283737922
240.046351875
242.55240967
245.208693893
247.734964354
250.764083867
256.398206892
258.927383514
261.532425504
264.093966071
269.525970514
277.415569536
286.381368319
296.698586493
307.354785708
310.70666379
313.243969233
315.875896912
321.015873859
323.566727937
326.116275533
331.84214646
337.852071472
340.538018257
350.90515765
358.980699115
375.442462505
377.980596271
380.493677137
386.015986643
388.623987871
391.465382668
394.103232335
401.860027846
412.173960411
415.124096112
417.820175751
420.50977686
423.026237933
434.302524433
436.931450486
442.206610262
444.818757747
447.35404156
453.488540907
465.35298395
468.710357888
480.117863176
485.530657508
488.054276856
490.830048123
496.098333216
498.639098169
503.866722107
515.189266445
523.096677246
528.790185373
539.79547787
542.508772273
547.936183847
562.157867067
564.739962796
570.098707361
572.913556315
575.536270433
578.146643447
583.704653391
586.221996467
596.626349995
599.735648763
602.354001187
605.000523909
610.132744643
615.551840304
618.374821639
621.217569558
626.770273861
629.290229644
631.881905596
634.762448515
642.771622276
645.781981579
651.792441982
