2.25
4.976
10.156
12.61
15.064
19.632
24.812
27.606
30.06
32.446
35.036
42.466
49.76
52.01
54.328
56.714
66.53
71.37
78.868
81.594
86.162
88.412
90.73
92.98
95.638
100.274
110.294
112.544
115.134
117.588
122.972
130.946
135.718
138.036
140.49
142.74
145.262
158.008
160.258
162.712
165.098
169.87
177.436
182.276
184.526
189.366
191.82
196.796
199.454
201.976
208.862
213.498
216.156
218.406
220.656
223.042
227.61
235.312
242.674
245.332
247.582
249.968
264.692
267.01
269.396
271.85
274.1
278.736
291.142
293.46
295.846
298.368
300.686
