0.0
2.908
5.408
8.18
13.724
25.628
30.628
33.128
43.808
51.58
56.58
62.124
64.896
70.304
72.94
75.576
78.076
96.936
102.072
104.98
107.48
109.98
112.48
120.252
123.976
126.612
134.792
137.292
140.336
145.608
148.38
151.152
153.652
158.652
164.196
171.832
179.332
189.468
197.24
200.012
205.42
213.6
218.736
221.372
226.372
228.872
231.372
236.78
240.504
245.64
253.684
256.184
258.82
261.32
266.456
269.228
276.864
285.86
288.496
294.312
310.264
315.808
318.444
321.08
323.716
326.624
337.576
350.756
361.708
364.208
367.116
369.888
374.888
377.388
379.888
387.932
390.976
393.476
395.976
399.02
407.064
409.836
412.336
428.832
431.468
436.468
441.468
446.876
449.512
452.012
458.1
460.872
471.96
474.868
479.868
485.276
493.048
495.684
498.184
500.684
506.5
521.908
524.408
526.908
540.632
543.268
548.812
558.948
572.4
577.4
583.216
585.716
597.756
600.256
606.208
614.116
632.108
634.608
637.108
639.608
