0.0
11.04
13.29
15.54
18.062
28.286
32.786
35.036
37.694
42.194
44.444
46.694
48.944
51.33
56.102
65.102
67.352
69.738
71.988
74.238
80.642
82.892
87.392
89.642
94.55
97.072
99.866
107.84
113.292
115.542
120.45
127.336
129.586
131.836
134.086
136.472
150.516
152.766
155.288
157.538
159.924
164.424
171.446
173.696
175.946
178.196
180.446
195.306
197.828
202.6
205.122
207.372
209.758
212.008
216.508
224.21
229.118
231.368
233.618
235.868
238.118
247.798
252.978
255.228
260.272
262.522
265.044
270.088
274.86
277.11
283.996
289.312
291.834
294.084
299.264
