0.0
7.43
12.066
14.316
16.702
22.154
28.904
31.426
33.676
35.926
40.562
48.128
50.378
54.878
57.128
61.764
64.014
69.738
71.988
74.238
76.488
78.738
87.874
92.918
95.168
97.418
99.804
102.054
111.524
114.318
116.704
119.09
121.612
134.358
139.674
141.924
144.174
146.424
148.674
153.174
165.376
167.626
169.876
174.92
177.17
182.35
184.872
187.258
189.508
203.96
206.482
208.732
211.118
213.368
220.662
225.706
227.956
232.864
237.636
242.272
244.658
256.724
259.11
261.632
264.018
266.404
278.606
280.856
283.242
285.764
290.264
292.65
294.9
297.15
299.4
