0.0
2.7
7.9
10.4
15.4
23.1
28.6
31.5
34.1
36.8
41.8
49.9
52.8
58.8
66.9
85.5
88.0
90.5
101.4
112.1
114.9
117.4
120.1
128.4
143.9
148.9
151.7
154.2
163.0
170.6
173.5
176.2
178.7
184.6
187.6
192.8
195.4
198.5
201.3
209.0
214.2
219.5
222.1
225.0
233.5
236.4
252.0
257.6
262.9
269.3
280.5
283.0
285.5
296.3
299.6
302.2
312.3
314.9
317.7
320.9
323.4
328.7
333.8
341.8
344.3
347.0
349.5
352.0
370.9
379.6
385.1
391.7
394.2
399.5
402.1
407.4
410.0
415.3
417.8
420.8
429.2
432.0
434.5
442.6
445.4
447.9
471.3
479.1
497.8
508.0
513.5
521.2
526.3
532.1
535.0
538.0
540.7
545.9
548.4
550.9
561.6
564.1
566.8
569.4
575.3
584.4
587.2
589.9
592.7
603.1
614.2
622.0
624.5
627.2
632.8
638.0
640.6
645.8
