0.0
2.6
8.1
13.1
16.5
19.3
24.3
33.4
36.0
38.5
43.5
48.7
57.5
60.2
68.7
71.2
73.7
78.9
81.4
84.1
89.9
105.8
108.3
113.5
116.1
130.7
138.3
144.3
146.8
150.0
158.1
163.2
168.5
176.3
185.6
188.4
193.4
196.1
203.9
210.2
212.7
218.2
226.4
233.2
235.7
241.1
249.1
251.6
254.6
259.8
262.3
270.9
273.5
276.4
278.9
289.3
297.0
299.8
307.6
313.1
315.6
324.0
326.8
332.5
355.7
358.7
367.1
369.6
374.7
377.4
380.0
388.4
391.0
396.4
404.4
409.5
414.8
417.4
425.6
428.1
436.2
438.7
444.1
452.5
456.1
463.8
466.3
468.8
471.7
482.6
485.2
487.8
498.4
503.4
511.1
516.3
521.3
526.3
528.9
531.5
534.0
536.5
552.9
555.6
558.2
560.8
565.8
573.3
579.0
584.8
589.8
592.5
595.2
597.7
611.9
616.9
624.7
627.3
632.5
635.3
638.7
641.8
644.5
