2.7
7.9
10.8
16.4
25.2
30.4
33.6
36.1
38.8
44.2
52.2
55.1
60.1
67.7
86.5
89.2
91.7
102.4
113.4
116.7
119.2
122.2
129.9
145.9
151.4
154.5
157.1
166.5
174.6
177.2
180.6
183.1
188.9
191.6
196.6
199.1
201.6
204.8
213.0
218.7
223.9
226.6
229.3
238.2
240.7
256.5
261.7
266.8
272.7
283.2
286.0
289.4
299.4
302.4
304.9
315.3
318.0
320.5
323.3
325.9
331.1
336.1
344.4
347.4
349.9
352.8
355.4
373.5
381.2
386.2
391.2
393.9
399.4
401.9
406.9
409.4
415.0
417.8
421.1
429.5
432.0
434.6
442.7
445.6
448.3
474.1
482.4
499.3
511.6
516.7
524.6
530.4
535.4
538.4
540.9
543.5
549.1
551.6
554.3
564.8
567.3
569.9
572.4
577.4
585.4
587.9
590.4
593.3
603.6
613.8
622.5
630.4
635.5
638.4
646.1
