0.0
8.0
13.088
18.04
22.448
26.856
40.08
48.488
52.488
56.896
60.896
64.896
73.848
78.8
84.568
93.112
97.112
101.112
109.248
117.792
126.2
131.152
135.152
143.424
147.56
151.56
159.968
164.376
172.648
185.328
203.096
207.232
225.136
238.632
242.904
251.176
255.176
259.176
263.992
273.216
277.76
290.44
294.576
298.984
303.256
312.208
324.344
332.888
341.704
346.112
350.384
354.656
358.656
367.472
384.424
393.24
397.648
402.328
411.96
420.912
425.048
429.32
437.456
454.272
489.4
518.76
523.032
527.168
531.576
546.568
550.976
555.112
559.52
572.88
577.288
581.696
585.968
599.056
603.6
608.144
620.28
642.864
655.0
659.272
667.68
672.224
676.632
685.312
