8.272
20.816
29.36
34.04
38.04
42.176
47.672
56.352
60.624
65.168
69.168
73.168
81.576
85.712
89.712
93.712
97.984
106.392
110.664
114.664
145.112
154.064
172.104
176.104
193.056
197.192
201.328
205.464
213.736
226.824
240.184
244.456
248.456
256.456
268.592
273.0
281.952
286.088
299.992
304.264
309.624
323.936
353.16
366.248
371.064
383.472
404.424
409.24
413.24
427.28
449.048
457.048
465.32
470.0
474.0
482.272
492.72
497.264
501.4
509.536
513.808
517.808
526.896
537.208
541.48
545.616
549.888
562.976
576.336
581.152
585.696
589.696
593.832
603.6
625.64
629.64
633.64
637.64
646.864
650.864
655.68
659.952
668.36
672.632
677.448
681.584
690.264
