12.952
16.952
21.904
26.312
31.672
39.808
43.808
48.08
52.488
64.76
73.848
86.528
94.528
107.752
111.888
115.888
120.84
129.112
137.656
141.928
145.928
150.064
160.104
164.376
172.648
176.648
181.872
186.008
190.008
198.008
202.416
206.96
216.184
224.184
232.592
248.864
280.128
284.536
288.536
292.944
308.072
317.432
322.248
336.288
357.92
371.416
379.688
387.824
391.96
404.504
409.048
413.456
422.0
430.272
434.272
438.816
455.768
459.768
464.04
468.04
477.264
482.08
486.216
490.76
494.76
507.032
520.664
524.936
529.344
550.16
554.16
567.792
572.064
580.064
584.064
588.336
601.56
610.104
614.24
618.376
622.648
630.784
639.464
643.872
649.096
661.912
666.048
675.544
