0.0
4.0
8.816
12.816
20.952
24.952
29.224
33.36
42.448
47.128
55.672
60.08
68.216
72.488
76.896
86.392
95.072
99.48
108.16
112.16
130.336
134.88
139.288
143.696
156.784
178.552
187.096
191.096
195.368
203.368
212.184
216.32
220.32
232.728
245.272
249.272
254.224
259.448
263.992
272.264
289.08
301.896
305.896
313.896
318.032
322.304
327.12
357.16
361.296
366.384
374.656
389.104
393.104
405.24
409.376
413.92
426.872
447.688
455.96
463.96
467.96
473.32
489.456
493.728
497.728
505.864
510.68
532.176
536.448
550.08
566.76
570.896
575.032
592.392
600.528
605.888
610.16
619.384
628.744
632.88
641.152
645.424
649.56
659.056
664.28
676.496
680.496
684.768
688.768
