0.0
2.25
10.1
14.7
17.25
29.2
31.85
34.4
44.9
47.45
52.05
54.7
59.3
61.55
63.9
66.25
68.5
73.7
75.95
78.3
80.75
88.0
93.1
95.55
97.8
102.8
107.5
115.05
118.0
125.05
127.5
134.95
139.55
144.35
149.15
151.6
154.25
161.5
163.75
166.0
168.25
170.6
175.5
180.4
187.55
190.1
194.6
199.4
201.65
204.8
207.45
217.45
219.7
221.95
229.1
233.7
238.3
240.75
243.0
245.35
252.3
255.15
257.4
260.85
267.9
275.25
279.75
282.8
285.25
287.6
296.05
300.95
305.85
308.1
312.9
317.8
322.5
324.75
329.55
339.25
341.6
343.95
346.2
350.9
358.45
360.8
365.6
367.85
370.1
372.45
374.7
382.15
389.0
393.5
399.2
401.75
407.25
409.9
414.6
416.95
419.4
422.45
424.8
429.4
431.75
434.1
438.8
441.05
445.85
448.2
451.05
453.6
456.35
460.85
466.05
468.3
472.8
475.15
477.8
482.8
490.15
492.5
495.05
497.3
501.8
504.15
509.15
513.75
518.95
521.4
523.75
526.4
528.65
533.15
535.6
537.95
547.35
549.6
551.85
558.9
561.85
564.1
566.45
568.7
578.6
580.85
583.1
592.9
595.15
597.5
599.75
