0.0
5.384
10.156
12.406
14.928
17.45
19.972
27.198
29.516
31.766
34.016
40.42
42.67
49.624
59.168
61.622
64.008
68.712
71.098
79.752
82.07
86.57
88.82
91.206
93.66
95.91
101.022
111.314
113.836
116.086
118.336
123.108
129.926
135.242
137.56
139.878
142.196
144.446
156.58
158.83
163.33
168.238
175.192
179.828
182.282
187.666
190.256
195.368
198.026
200.684
211.18
213.634
215.884
218.61
221.064
225.972
233.13
235.72
243.218
245.536
250.308
252.83
257.33
259.58
261.898
264.216
266.67
273.488
278.124
282.828
285.214
287.532
292.78
297.688
300.074
