0.0
4.636
12.406
19.972
22.358
27.334
29.584
31.902
36.946
43.9
51.058
53.308
58.488
60.942
67.964
70.35
72.804
75.666
77.916
84.938
92.572
94.89
101.776
104.026
109.07
114.182
116.704
118.954
121.204
125.908
137.702
139.952
142.678
144.928
147.246
151.882
154.132
156.45
158.7
163.744
168.788
171.31
178.4
180.718
184.328
189.236
191.554
193.872
196.122
198.508
203.756
209.004
214.796
217.454
219.704
222.022
224.476
239.132
241.382
246.63
251.606
256.31
260.81
263.06
269.056
271.51
273.896
278.94
281.19
283.508
290.666
295.846
298.368
300.754
303.004
