8.0
13.0
18.2
20.8
23.6
26.9
35.2
37.8
46.4
51.4
61.7
67.1
69.9
72.4
75.0
77.6
82.9
85.4
95.9
104.0
106.6
112.1
114.9
118.4
135.4
151.3
153.9
156.4
162.4
167.6
170.1
172.6
175.2
180.8
183.4
185.9
191.4
193.9
205.1
208.4
210.9
213.5
216.0
221.1
242.2
244.9
250.9
253.8
256.5
264.4
267.1
269.7
298.2
303.7
306.2
314.0
321.7
324.5
329.9
332.8
343.4
349.1
351.9
364.9
367.4
370.2
388.0
395.7
398.7
401.2
403.7
408.7
411.7
414.5
427.3
429.8
435.2
437.7
443.0
445.5
450.6
453.2
455.7
460.9
463.8
466.3
474.1
479.4
482.0
484.6
489.7
495.1
500.6
511.7
516.9
522.6
525.1
527.6
540.6
543.6
551.7
554.4
557.5
565.3
570.9
573.7
576.9
582.7
590.5
596.2
598.7
603.8
610.1
613.0
615.5
618.1
623.5
632.3
635.0
640.1
