0.0
0.068
0.272
0.204
0.136
0.068
0.544
0.0
0.068
0.068
0.408
0.136
0.0
0.272
0.0
0.0
0.204
0.476
0.0
0.068
0.34
0.272
0.136
0.136
0.204
0.0
0.068
0.136
0.0
0.0
0.0
0.068
1.088
0.884
0.0
0.136
0.204
0.34
0.136
0.068
0.34
0.0
0.0
0.068
0.068
0.136
0.0
0.34
0.0
0.0
0.204
0.884
0.136
0.068
0.272
0.34
0.068
0.68
0.136
0.0
0.748
0.068
0.0
0.0
0.272
0.952
0.544
0.0
0.544
0.136
0.068
0.068
0.136
0.0
0.068
0.0
0.0
0.0
0.408
0.204
0.0
0.204
0.068
0.136
0.0
0.0
0.068
0.272
0.0
0.544
0.068
0.408
0.136
0.068
0.068
0.0
0.272
0.0
0.204
0.204
0.068
0.068
0.748
0.204
0.136
0.0
0.0
0.544
0.136
0.204
0.272
0.068
0.0
0.136
0.0
0.272
0.068
0.0
0.136
0.68
0.476
0.748
0.068
0.0
0.136
