0.0
2.25
6.75
14.588
17.11
19.496
21.746
23.996
38.584
41.514
43.9
46.15
48.536
53.172
60.194
67.08
69.33
71.716
74.238
76.624
91.212
93.462
95.712
100.62
111.252
113.502
116.024
120.524
122.774
127.954
135.248
147.314
150.108
152.494
157.946
160.332
165.376
167.626
170.148
172.398
176.898
179.284
181.806
184.056
188.692
190.942
200.486
205.258
207.78
212.824
217.324
219.574
221.824
226.868
231.504
236.548
238.934
241.184
245.82
253.658
256.044
258.43
260.68
262.93
273.018
275.268
277.518
279.904
282.426
287.062
292.242
294.628
297.014
299.4
