0.136
0.0
0.0
0.068
0.0
0.0
0.0
0.884
0.34
0.068
0.272
0.0
0.068
0.068
1.02
0.0
0.204
0.0
0.136
0.068
0.136
0.068
0.068
0.544
0.0
0.068
0.0
0.748
0.0
0.0
0.272
0.0
0.136
0.0
0.068
0.068
0.272
0.068
0.068
0.136
0.0
0.136
0.34
0.408
0.136
0.068
0.136
0.0
0.068
0.068
0.068
0.272
0.272
0.0
0.204
0.068
0.34
0.0
0.204
0.476
0.204
0.068
0.272
0.0
0.0
0.0
0.0
0.068
0.272
0.68
0.204
0.0
0.272
0.0
0.408
0.068
0.0
0.34
0.136
0.068
0.884
0.136
0.136
0.476
0.068
0.136
0.068
0.0
0.0
0.068
0.0
0.476
0.204
0.136
0.272
0.136
